OI	Chng in OI	Volume	IV	LTP	Chng	Bid Qty	Bid	Ask	Ask Qty	Strike	Bid Qty	Bid	Ask	Ask Qty	Chng	LTP	IV	Volume	Chng in OI	OI
Calls chart for row 1	2	1	10	48.42	2,074.40	-239.05	65	2,003.40	2,018.30	65	21,200.00	3,37,675	1.40	1.45	7,22,345	-0.55	1.45	30.99	1,70,271	12,500	1,45,338	Puts chart for row 1
Calls chart for row 2	1	-	-	34.66	-	-	780	1,887.55	2,133.50	780	21,250.00	21,970	1.35	1.40	10,270	-0.65	1.40	30.16	25,995	1,119	6,766	Puts chart for row 2
Calls chart for row 3	1	-	-	34.69	-	-	780	1,820.10	1,980.95	780	21,300.00	29,055	1.40	1.45	49,985	-0.70	1.40	29.57	37,666	516	21,723	Puts chart for row 3
Calls chart for row 4	1	-	-	31.47	-	-	780	1,821.40	1,908.65	780	21,350.00	22,490	1.40	1.45	12,025	-0.70	1.45	28.86	13,135	135	1,231	Puts chart for row 4
Calls chart for row 5	2	-	-	59.41	-	-	780	1,765.30	1,902.95	780	21,400.00	57,395	1.40	1.45	37,765	-0.75	1.45	28.27	33,303	1,046	15,561	Puts chart for row 5
Calls chart for row 6	1	-	-	32.84	-	-	780	1,720.70	1,812.75	780	21,450.00	29,640	1.40	1.45	9,360	-0.85	1.45	27.56	16,581	736	2,057	Puts chart for row 6
Calls chart for row 7	19	-	-	64.53	-	-	780	1,669.90	1,781.75	780	21,500.00	3,79,015	1.50	1.55	1,30,975	-0.80	1.55	27.06	1,35,273	16,065	62,682	Puts chart for row 7
Calls chart for row 8	1	-	-	31.53	-	-	780	1,594.40	1,726.05	780	21,550.00	23,010	1.55	1.60	11,505	-0.85	1.55	26.44	16,739	373	1,793	Puts chart for row 8
Calls chart for row 9	1	-	-	30.95	-	-	780	1,577.30	1,638.80	780	21,600.00	46,345	1.60	1.65	33,800	-0.90	1.60	25.72	42,234	1,889	12,939	Puts chart for row 9
Calls chart for row 10	1	-	-	-	-	-	780	1,520.15	1,613.90	780	21,650.00	25,545	1.60	1.70	20,085	-0.90	1.65	25.01	19,882	520	2,509	Puts chart for row 10
Calls chart for row 11	1	-	-	27.19	-	-	780	1,466.35	1,563.20	780	21,700.00	33,150	1.60	1.65	38,025	-1.05	1.60	24.38	75,366	3,880	15,208	Puts chart for row 11
Calls chart for row 12	1	-	-	27.29	-	-	780	1,438.15	1,512.10	2,535	21,750.00	20,865	1.70	1.75	33,865	-1.05	1.75	23.75	30,206	702	4,892	Puts chart for row 12
Calls chart for row 13	1	-	-	26.09	-	-	2,535	1,378.35	1,449.45	780	21,800.00	2,48,690	1.80	1.85	90,480	-1.15	1.85	23.34	1,03,540	-946	39,598	Puts chart for row 13
Calls chart for row 14	1	-	-	25.58	-	-	2,535	1,321.45	1,416.60	2,535	21,850.00	36,075	1.90	1.95	20,670	-1.15	1.95	22.68	36,298	133	2,871	Puts chart for row 14
Calls chart for row 15	3	-	-	50.05	-	-	780	1,290.80	1,365.80	2,535	21,900.00	1,89,930	2.05	2.10	2,09,885	-1.20	2.05	22.16	1,09,137	810	15,991	Puts chart for row 15
Calls chart for row 16	1	-	-	27.20	-	-	2,535	1,229.15	1,311.15	2,535	21,950.00	27,690	2.20	2.25	40,040	-1.30	2.20	21.55	36,808	611	5,157	Puts chart for row 16
Calls chart for row 17	796	-5	329	-	1,217.15	-7.20	130	1,213.05	1,219.30	65	22,000.00	2,89,640	2.45	2.50	1,52,360	-1.30	2.50	21.10	3,91,983	7,032	1,16,267	Puts chart for row 17
Calls chart for row 18	2	-1	3	-	1,151.60	-196.80	65	1,161.55	1,175.05	65	22,050.00	24,830	2.60	2.65	33,345	-1.40	2.60	20.51	49,782	85	6,473	Puts chart for row 18
Calls chart for row 19	7	-	5	22.79	1,155.00	71.15	195	1,111.15	1,122.00	65	22,100.00	2,00,655	2.70	2.75	1,78,945	-1.45	2.70	19.86	2,03,950	4,007	33,806	Puts chart for row 19
Calls chart for row 20	4	1	2	-	1,048.00	-153.80	65	1,063.40	1,072.45	65	22,150.00	49,920	2.95	3.00	24,050	-1.55	3.00	19.33	83,055	3,755	13,425	Puts chart for row 20
Calls chart for row 21	35	7	67	-	1,019.15	-13.55	130	1,013.90	1,021.80	195	22,200.00	43,810	3.25	3.30	8,255	-1.80	3.30	18.82	2,50,173	3,199	39,224	Puts chart for row 21
Calls chart for row 22	36	6	16	-	963.50	-27.10	65	964.85	971.85	65	22,250.00	8,060	3.80	3.85	9,360	-1.85	3.85	18.50	1,06,575	9,576	19,446	Puts chart for row 22
Calls chart for row 23	46	14	95	-	921.35	-14.40	65	916.05	921.70	130	22,300.00	36,985	4.20	4.25	7,735	-2.20	4.25	17.97	3,89,532	41,265	79,930	Puts chart for row 23
Calls chart for row 24	71	-5	28	-	871.40	-16.75	130	866.80	873.70	130	22,350.00	9,945	5.00	5.05	3,510	-2.65	5.05	17.62	1,34,556	5,298	15,963	Puts chart for row 24
Calls chart for row 25	138	33	183	-	820.00	-18.65	585	817.00	823.10	520	22,400.00	15,080	5.85	5.90	23,075	-3.05	5.85	17.19	3,11,537	22,559	59,648	Puts chart for row 25
Calls chart for row 26	37	24	92	-	774.40	-12.40	130	768.25	775.95	260	22,450.00	4,095	7.20	7.25	7,540	-3.45	7.20	17.01	1,49,544	5,327	16,587	Puts chart for row 26
Calls chart for row 27	4,066	-118	4,923	-	724.75	-10.95	195	722.40	725.00	130	22,500.00	13,390	8.65	8.70	3,120	-4.00	8.65	16.73	5,75,907	9,148	98,672	Puts chart for row 27
Calls chart for row 28	308	72	545	-	678.40	-24.55	130	672.60	675.85	130	22,550.00	4,225	10.65	10.70	3,250	-4.70	10.65	16.47	1,87,090	3,683	19,866	Puts chart for row 28
Calls chart for row 29	857	239	2,468	-	624.75	-17.65	195	626.60	628.80	65	22,600.00	17,420	13.10	13.20	12,350	-5.50	13.15	16.24	4,32,795	8,343	58,443	Puts chart for row 29
Calls chart for row 30	646	175	2,212	-	583.85	-13.50	130	580.40	582.65	130	22,650.00	5,590	16.25	16.30	130	-6.30	16.30	16.07	2,83,941	8,425	24,746	Puts chart for row 30
Calls chart for row 31	1,923	290	8,216	-	536.50	-19.20	195	534.45	536.05	520	22,700.00	11,895	20.10	20.20	8,190	-7.45	20.15	15.90	5,54,937	24,813	67,035	Puts chart for row 31
Calls chart for row 32	786	242	3,628	-	487.10	-24.50	130	489.40	491.20	130	22,750.00	3,185	24.95	25.05	2,990	-8.30	25.05	15.75	3,47,216	14,316	38,600	Puts chart for row 32
Calls chart for row 33	3,706	1,618	30,473	7.87	447.00	-22.15	195	445.60	447.00	260	22,800.00	4,160	31.15	31.25	3,380	-9.30	31.25	15.63	7,06,890	16,466	69,304	Puts chart for row 33
Calls chart for row 34	1,193	652	10,637	10.22	401.85	-24.65	260	403.10	404.10	130	22,850.00	65	38.15	38.25	2,730	-10.65	38.25	15.45	3,51,392	-78	38,069	Puts chart for row 34
Calls chart for row 35	4,957	2,101	67,619	11.45	362.15	-26.05	260	361.80	362.80	455	22,900.00	2,925	46.95	47.10	130	-12.15	47.00	15.42	7,12,084	28,805	65,689	Puts chart for row 35
Calls chart for row 36	2,637	1,967	44,663	11.53	323.00	-26.25	130	321.75	322.65	260	22,950.00	260	57.35	57.50	1,430	-13.30	57.50	15.28	4,94,384	20,088	33,101	Puts chart for row 36
Calls chart for row 37	22,763	4,855	4,56,726	12.23	285.85	-27.90	130	285.05	285.80	520	23,000.00	910	69.55	69.75	585	-14.50	69.80	15.19	15,32,222	69,809	1,41,092	Puts chart for row 37
Calls chart for row 38	7,539	5,555	2,47,124	12.26	249.15	-28.65	325	249.10	249.75	455	23,050.00	2,405	84.05	84.30	910	-15.30	84.10	15.18	6,67,677	33,257	45,694	Puts chart for row 38
Calls chart for row 39	32,566	19,038	13,21,497	12.39	216.75	-29.35	130	216.25	216.75	390	23,100.00	260	101.05	101.25	130	-15.70	101.25	15.18	19,61,185	89,667	1,29,400	Puts chart for row 39
Calls chart for row 40	24,959	17,470	9,91,457	12.57	185.60	-30.15	195	185.25	185.75	1,040	23,150.00	195	119.95	120.05	585	-16.70	120.00	15.04	11,93,556	55,826	74,063	Puts chart for row 40
Calls chart for row 41	96,799	39,848	19,50,015	12.49	157.10	-30.90	195	157.10	157.50	650	23,200.00	390	142.20	142.50	585	-16.25	142.55	15.15	20,66,511	66,863	1,43,102	Puts chart for row 41
Calls chart for row 42	54,668	25,204	11,78,298	12.61	131.65	-31.95	455	131.65	131.95	195	23,250.00	65	166.05	166.45	455	-16.40	166.05	15.04	10,19,625	29,230	55,198	Puts chart for row 42
Calls chart for row 43	1,13,467	26,845	18,96,051	12.63	108.85	-30.90	520	108.85	109.00	1,235	23,300.00	65	193.75	194.00	65	-15.35	193.80	15.10	13,06,571	25,311	84,357	Puts chart for row 43
Calls chart for row 44	45,124	3,147	8,15,372	12.57	89.05	-29.90	65	89.20	89.35	520	23,350.00	130	222.90	223.35	65	-14.95	223.40	15.12	2,95,223	2,505	19,833	Puts chart for row 44
Calls chart for row 45	93,147	502	12,60,647	12.59	72.00	-28.20	65	71.90	72.00	390	23,400.00	260	255.55	256.25	130	-12.85	256.30	15.40	3,67,482	943	36,054	Puts chart for row 45
Calls chart for row 46	35,333	3,342	5,53,848	12.61	57.30	-26.55	520	57.25	57.40	1,625	23,450.00	195	290.55	291.40	130	-12.00	291.30	15.41	64,552	630	6,777	Puts chart for row 46
Calls chart for row 47	1,09,237	8,481	12,77,849	12.65	45.45	-24.10	975	45.25	45.40	2,925	23,500.00	780	328.50	329.45	780	-10.00	329.15	15.66	1,77,215	3,264	33,896	Puts chart for row 47
Calls chart for row 48	29,480	7,960	4,61,836	12.64	35.20	-22.30	1,885	35.25	35.40	4,030	23,550.00	260	367.85	368.80	195	-8.10	369.50	16.13	17,001	568	2,933	Puts chart for row 48
Calls chart for row 49	86,706	33,803	8,19,712	12.66	27.20	-19.85	260	27.10	27.15	1,105	23,600.00	195	410.05	411.15	130	-6.70	410.00	16.11	36,944	573	10,217	Puts chart for row 49
Calls chart for row 50	28,388	11,755	4,35,320	12.77	21.10	-17.35	3,575	21.05	21.15	6,370	23,650.00	260	453.45	454.80	130	-3.95	454.10	17.76	6,863	220	3,219	Puts chart for row 50
Calls chart for row 51	93,270	38,785	8,62,759	12.90	16.30	-14.65	5,135	16.30	16.40	6,760	23,700.00	260	498.40	499.85	65	-0.25	500.00	17.42	13,154	-772	7,455	Puts chart for row 51
Calls chart for row 52	27,734	-5,916	4,07,751	13.03	12.70	-12.90	4,095	12.70	12.75	2,795	23,750.00	130	544.80	547.15	130	3.80	549.35	17.91	2,805	-27	974	Puts chart for row 52
Calls chart for row 53	80,299	76	5,73,171	13.14	9.85	-10.65	7,280	9.80	9.85	9,490	23,800.00	65	591.80	594.35	65	1.15	591.20	18.84	7,481	-202	6,119	Puts chart for row 53
Calls chart for row 54	28,040	8,038	2,70,045	13.37	7.80	-9.15	1,690	7.80	7.85	8,580	23,850.00	130	639.05	642.35	130	11.05	648.80	20.72	866	40	492	Puts chart for row 54
Calls chart for row 55	54,503	-14,387	4,66,276	13.65	6.25	-7.35	10,985	6.25	6.30	13,195	23,900.00	65	687.85	690.90	130	3.70	687.35	20.44	1,325	-15	2,855	Puts chart for row 55
Calls chart for row 56	20,328	2,639	2,05,582	13.97	5.15	-6.30	9,685	5.15	5.20	6,695	23,950.00	65	734.85	741.95	65	3.30	735.80	21.77	266	-59	329	Puts chart for row 56
Calls chart for row 57	1,28,872	15,683	7,00,286	14.36	4.45	-5.10	63,180	4.40	4.45	1,820	24,000.00	325	785.80	788.45	260	14.10	791.50	22.29	6,960	-1,265	9,420	Puts chart for row 57
Calls chart for row 58	26,274	136	1,96,892	14.72	3.75	-4.20	5,460	3.70	3.75	7,215	24,050.00	65	834.25	839.40	65	9.80	836.65	24.15	87	-9	104	Puts chart for row 58
Calls chart for row 59	50,233	-9,000	3,47,293	15.02	3.10	-3.75	46,800	3.10	3.15	58,890	24,100.00	195	883.85	888.75	130	5.15	883.20	24.61	442	-22	722	Puts chart for row 59
Calls chart for row 60	15,125	-1,470	1,01,175	15.52	2.85	-3.05	31,655	2.80	2.85	29,965	24,150.00	65	932.95	939.25	130	6.90	933.85	25.69	27	-3	38	Puts chart for row 60
Calls chart for row 61	56,703	7,145	2,94,461	15.93	2.45	-2.70	1,43,325	2.45	2.50	2,90,875	24,200.00	65	984.80	988.05	65	9.05	984.10	26.76	388	-2	1,006	Puts chart for row 61
Calls chart for row 62	17,908	-1,003	1,10,698	16.44	2.25	-2.35	32,955	2.25	2.30	24,765	24,250.00	130	1,031.05	1,039.00	65	5.60	1,033.40	27.62	1	-	39	Puts chart for row 62
Calls chart for row 63	40,130	-2,712	3,02,911	16.97	2.05	-1.95	2,42,125	2.00	2.05	1,64,515	24,300.00	260	1,081.25	1,089.05	130	11.10	1,082.10	28.34	93	-23	519	Puts chart for row 63
Calls chart for row 64	9,776	-1,380	65,849	17.36	1.85	-1.75	27,625	1.85	1.90	25,870	24,350.00	130	1,130.75	1,138.60	65	10.70	1,132.80	29.47	16	4	50	Puts chart for row 64
Calls chart for row 65	30,119	-18,710	2,03,730	17.83	1.70	-1.55	3,35,140	1.65	1.70	1,14,985	24,400.00	195	1,179.20	1,188.40	195	-27.90	1,139.85	-	29	3	477	Puts chart for row 65
Calls chart for row 66	12,561	-2,528	69,765	18.28	1.55	-1.40	28,665	1.55	1.60	46,085	24,450.00	65	1,231.85	1,238.65	65	-39.25	1,174.00	-	7	-	26	Puts chart for row 66
Calls chart for row 67	1,01,252	6,707	3,10,377	18.85	1.50	-1.15	2,97,375	1.50	1.55	3,18,175	24,500.00	65	1,280.90	1,286.20	65	15.65	1,286.90	32.02	628	-208	2,791	Puts chart for row 67
Calls chart for row 68	8,593	903	29,852	19.17	1.30	-1.15	16,055	1.30	1.35	66,755	24,550.00	2,535	1,276.55	1,366.00	780	-	-	-	-	-	2	Puts chart for row 68
Calls chart for row 69	50,398	-4,985	97,519	19.62	1.20	-1.05	1,00,620	1.20	1.25	2,61,495	24,600.00	2,535	1,328.05	1,403.30	65	-	-	-	-	-	98	Puts chart for row 69
Calls chart for row 70	6,603	-30	25,070	19.94	1.10	-0.95	28,015	1.05	1.10	29,380	24,650.00	2,535	1,354.45	1,454.15	65	-	-	-	-	-	19	Puts chart for row 70
Calls chart for row 71	39,898	3,169	96,153	20.33	0.95	-0.90	5,37,290	0.95	1.00	2,67,540	24,700.00	260	1,478.50	1,487.50	65	-	1,390.00	-	4	-1	53	Puts chart for row 71
Calls chart for row 72	12,419	222	21,723	20.81	0.90	-0.90	64,090	0.90	0.95	69,030	24,750.00	780	1,488.80	1,592.95	2,470	-	-	22.20	-	-	1	Puts chart for row 72
Calls chart for row 73	33,170	3,194	78,994	21.28	0.80	-0.80	4,07,810	0.80	0.85	2,04,100	24,800.00	65	1,579.15	1,589.60	65	-78.05	1,489.00	-	4	-1	730	Puts chart for row 73
Calls chart for row 74	6,253	-217	21,606	21.60	0.80	-0.75	2,01,890	0.75	0.80	75,855	24,850.00	780	1,548.20	1,681.90	780	-	-	-	-	-	1	Puts chart for row 74
Calls chart for row 75	30,978	-2,380	1,10,660	22.03	0.75	-0.65	9,29,825	0.70	0.75	3,99,490	24,900.00	130	1,670.50	1,727.00	65	65.35	1,639.00	-	8	3	136	Puts chart for row 75
Calls chart for row 76	4,771	-128	13,465	22.61	0.75	-0.55	1,44,235	0.70	0.75	83,525	24,950.00	780	1,646.70	1,767.85	780	-	-	-	-	-	2	Puts chart for row 76
Calls chart for row 77	70,081	-2,065	2,28,878	23.18	0.70	-0.50	15,56,425	0.70	0.75	7,58,160	25,000.00	260	1,778.45	1,787.15	130	2.05	1,778.00	40.38	237	-132	2,306	Puts chart for row 77
Calls chart for row 78	8,962	-580	19,740	23.40	0.70	-0.40	2,57,075	0.60	0.65	1,15,700	25,050.00	780	1,780.80	1,882.15	780	-	-	53.71	-	-	9	Puts chart for row 78
Calls chart for row 79	21,393	-1,317	57,797	23.77	0.60	-0.50	2,22,365	0.60	0.65	4,68,390	25,100.00	780	1,817.75	1,929.10	780	-	-	-	-	-	7	Puts chart for row 79
Calls chart for row 80	4,612	-18	9,221	24.33	0.60	-0.45	30,225	0.60	0.65	69,160	25,150.00	780	1,899.05	1,959.15	780	397.20	2,035.00	64.05	2	2	4	Puts chart for row 80
Calls chart for row 81	15,462	-2,264	26,372	24.88	0.65	-0.35	1,82,065	0.60	0.65	1,40,270	25,200.00	65	1,971.45	1,990.60	130	132.60	2,095.00	66.66	5	-	93	Puts chart for row 81
Calls chart for row 82	4,613	-106	8,354	25.21	0.55	-0.40	40,690	0.55	0.60	97,240	25,250.00	780	2,006.35	2,134.00	780	-	-	-	-	-	1	Puts chart for row 82
Calls chart for row 83	4,267	-540	13,527	25.98	0.55	-0.40	87,035	0.55	0.60	25,025	25,300.00	780	2,039.40	2,135.60	780	-	-	37.09	-	-	5	Puts chart for row 83
Calls chart for row 84	1,261	-269	2,797	26.30	0.55	-0.35	18,005	0.55	0.60	20,865	25,350.00	845	2,092.55	2,170.65	780	-	-	45.11	-	-	9	Puts chart for row 84
Calls chart for row 85	1,566	-1,309	9,184	27.06	0.60	-0.30	62,660	0.55	0.60	17,355	25,400.00	130	2,163.45	2,207.30	780	172.30	2,145.00	-	1	-	36	Puts chart for row 85
Calls chart for row 86	513	-228	1,416	27.38	0.55	-0.35	7,670	0.55	0.65	6,110	25,450.00	780	2,198.45	2,283.10	780	89.55	2,170.00	-	1	-	1	Puts chart for row 86
Calls chart for row 87	30,181	-2,670	64,894	27.66	0.50	-0.30	7,10,125	0.50	0.55	8,27,060	25,500.00	65	2,272.85	2,288.50	65	124.80	2,249.80	33.28	53	31	458	Puts chart for row 87
Calls chart for row 88	455	-10	1,120	28.44	0.55	-0.30	2,015	0.55	0.60	2,340	25,550.00	780	2,270.85	2,400.80	780	-	-	49.36	-	-	8	Puts chart for row 88
Calls chart for row 89	2,816	-821	8,374	28.72	0.55	-0.25	23,140	0.50	0.55	43,680	25,600.00	130	2,372.75	2,392.25	65	-60.00	2,300.00	-	3	-2	26	Puts chart for row 89
Calls chart for row 90	335	-22	978	29.75	0.60	-0.20	49,790	0.50	0.60	1,690	25,650.00	780	2,392.15	2,486.75	780	-	-	49.91	-	-	9	Puts chart for row 90
Calls chart for row 91	2,267	-154	2,248	30.03	0.55	-0.20	6,825	0.50	0.60	4,160	25,700.00	65	2,460.10	2,631.00	780	-	-	46.46	-	-	3	Puts chart for row 91
Calls chart for row 92	388	-140	594	30.80	0.60	-0.20	7,800	0.50	0.60	3,835	25,750.00	780	2,492.60	2,589.50	780	-	-	-	-	-	1	Puts chart for row 92
Calls chart for row 93	1,848	-52	4,884	30.80	0.50	-0.25	11,050	0.50	0.55	10,985	25,800.00	65	2,570.75	2,592.40	195	135.35	2,650.00	71.22	3	-	4	Puts chart for row 93
Calls chart for row 94	356	-88	1,180	31.60	0.50	-0.25	1,820	0.50	0.55	2,275	25,850.00	780	2,580.35	2,715.40	780	-	-	55.52	-	-	4	Puts chart for row 94
Calls chart for row 95	2,355	-100	8,156	31.54	0.50	-0.20	96,850	0.45	0.50	22,035	25,900.00	780	2,645.15	2,732.65	780	280.00	2,760.00	75.02	2	-2	1	Puts chart for row 95
Calls chart for row 96	382	49	738	32.90	0.60	-0.10	520	0.55	0.60	10,855	25,950.00	780	2,689.05	2,836.35	780	-	-	-	-	-	1	Puts chart for row 96
Calls chart for row 97	10,289	-5,959	27,636	32.86	0.50	-0.20	90,740	0.50	0.55	70,200	26,000.00	130	2,773.30	2,789.35	65	-34.65	2,740.00	-	6	-5	590	Puts chart for row 97
Calls chart for row 98	865	-40	3,214	33.37	0.50	-0.20	6,890	0.50	0.55	4,550	26,050.00	780	2,799.90	2,894.45	2,470	-	-	-	-	-	1	Puts chart for row 98
Calls chart for row 99	7,604	2,342	17,553	33.88	0.45	-0.25	1,30,585	0.45	0.50	1,21,485	26,100.00	780	2,836.10	3,001.00	780	-	-	-	-	-	27	Puts chart for row 99
Total	19,81,546		2,03,44,884																1,83,67,288		20,94,507	
